9781292149394
9781292149400
9781292161006
9781292161013
9781292149295
9781292149301
9781292160948
9781292160955
9781292149318
9781292149325
9781292160962
9781292160979
9780006281436
9780006281443
9780006499152
9780006499480
9780006532286
9780006547747
9780006547754
9780007117536
9780007134724
9780007139842
9780007174805
9780007179640
9780007179817
9780007220854
9780007243679
9780007247370
9780007254019
9780007259892
9780007260829
9780007284870
9780007285754
9780007294664
9780007300846
9780007301560
9780007318520
9780007321414
9780007347438
9780007696987
9780060005696
9780060391690
9780060589073
9780060756901
9780061208492
9780061241895
9780070246300
9780071396844
9780077114756
9780091777494
9780091796297
9780091801137
9780091874568
9780091900113
9780091913878
9780091914172
9780091918576
9780091924096
9780091924775
9780091925222
9780091929787
9780091932084
9780099273899
9780099283577
9780099289524
9780099422464
9780099422587
9780099436829
9780099450252
9780099455073
9780099464464
9780099477310
9780099479918
9780099488682
9780099492733
9780099506928
9780099512790
9780099549024
9780099553229
9780099769514
9780140052473
9780140069990
9780140077155
9780140135824
9780140139969
9780140179972
9780140234015
9780140237504
9780140367980
9780140442731
9780140621723
9780140622683
9780141007229
9780141007571
9780141011905
9780141013008
9780141014593
9780141015668
9780141019451
9780141020525
9780141022024
9780141022741
9780141022826
9780141023007
9780141026831
9780141027289
9780141029542
9780141033914
9780141036342
9780141039237
9780141040011
9780141044804
9780141046365
9780141182476
9780141182674
9780141188416
9780141317083
9780141441146
9780143105428
9780192800893
9780192823755
9780192854582
9780192880314
9780195079067
9780195137873
9780199244928
9780199289646
9780201379372
9780201615982
9780224074261
9780226534213
9780230500013
9780230708983
9780241142165
9780241143483
9780262620017
9780262633277
9780262693264
9780273722656
9780273722687
9780297835240
9780297847335
9780300054293
9780307398512
9780321193858
9780321344755
9780321384010
9780321432063
9780321445612
9780321525598
9780321660763
9780330303279
9780330309578
9780330313100
9780330322690
9780330331692
9780330341219
9780330390163
9780330432740
9780330448444
9780330450089
9780330451406
9780330456715
9780330456791
9780330485388
9780330486347
9780330510158
9780330510165
9780333647868
9780340696767
9780340818862
9780340836293
9780340896969
9780340943656
9780340951699
9780340953624
9780340977989
9780340994689
9780349113463
9780349119281
9780385269032
9780385605878
9780393301663
9780394729114
9780415260091
9780415262736
9780419221104
9780434013456
9780436350283
9780462099637
9780465017270
9780470072783
9780470181973
9780470253120
9780470744598
9780470876411
9780471078722
9780471253112
9780471288213
9780471495420
9780471748984
9780471752165
9780486247779
9780486419190
9780500201770
9780500273586
9780500342190
9780500513019
9780521792646
9780525951360
9780552144957
9780552159722
9780552557795
9780552771238
9780552771306
9780552772549
9780552772815
9780552773119
9780552773317
9780552773768
9780552773898
9780552774222
9780552995047
9780552996457
9780552997041
9780552997881
9780552998482
9780552999953
9780553816785
9780563362838
9780563551393
9780571152230
9780571215164
9780571218226
9780571220779
9780571221370
9780571233724
9780571237036
9780571245062
9780571251674
9780575083929
9780575083967
9780575089365
9780575089389
9780575089402
9780575089426
9780575091047
9780575091054
9780582461468
9780593053898
9780593058688
9780596000585
9780596004613
9780596007874
9780596100162
9780596153816
9780596154141
9780596520120
9780596523695
9780596528386
9780600612551
9780670915637
9780671212094
9780676976953
9780679776819
9780684833392
9780684834436
9780684837376
9780684846477
9780701172848
9780711211179
9780712648172
9780712649315
9780712651127
9780712655231
9780712657594
9780712676090
9780712678865
9780713673890
9780713675894
9780713999891
9780718144845
9780718149154
9780718154349
9780718154837
9780719561023
9780719561153
9780719561276
9780719563461
9780719568923
9780719569036
9780719912597
9780735714106
9780736031806
9780743235273
9780743246989
9780743291255
9780743295307
9780743497466
9780744590074
9780745609256
9780745635156
9780745642239
9780747531456
9780747532743
9780747535201
9780747545637
9780747550990
9780747551003
9780747558194
9780747564089
9780747580799
9780747581086
9780747582335
9780747585893
9780747589068
9780747590989
9780747591054
9780747594888
9780747595168
9780747805175
9780749005344
9780749320201
9780749395698
9780749397548
9780749435783
9780750653855
9780750657631
9780750934244
9780751310757
9780751535662
9780751537079
9780751537284
9780751537895
9780751545630
9780752215822
9780752837604
9780752856254
9780752864143
9780753507261
9780753807736
9780753810743
9780753810873
9780753820254
9780753820278
9780755316380
9780755331420
9780755343591
9780761128182
9780764507786
9780764537516
9780766849457
9780800626792
9780803928312
9780804832953
9780810930957
9780811845298
9780823021734
9780857080455
9780875846514
9780875847474
9780875848334
9780875848822
9780903505437
9780954642815
9780955203664
9780955745911
9780957921849
9780961392147
9780972652919
9780972652926
9780972652933
9780972652940
9780974514062
9780975579909
9780975841945
9780978739225
9780980455298
9781400025558
9781401301019
9781401359287
9781401903404
9781403996855
9781403997401
9781405206174
9781405208093
9781406302790
9781406306804
9781406321081
9781408808870
9781409508991
9781416511229
9781416562597
9781430216261
9781430224778
9781439566039
9781560526797
9781565924536
9781565924796
9781565928466
9781568580623
9781568987699
9781569246818
9781573226882
9781578512508
9781578517084
9781580050753
9781582341354
9781587051791
9781590597071
9781590597873
9781592534470
9781593373290
9781593375065
9781594481932
9781594743344
9781599869773
9781740590921
9781740592093
9781740593359
9781740599160
9781740599733
9781741041569
9781741042979
9781741044805
9781741045901
9781741046762
9781741048339
9781741049183
9781741049718
9781741791747
9781742200934
9781840184112
9781840188233
9781840220551
9781840245530
9781841127255
9781841155661
9781841198781
9781841216072
9781841575308
9781841582832
9781841952253
9781841953922
9781842363201
9781842555897
9781842751794
9781842752104
9781842752258
9781843304999
9781843312192
9781843534976
9781843536819
9781843540236
9781843547204
9781844035984
9781844076949
9781844085507
9781844137862
9781844253319
9781844286195
9781844286201
9781844672943
9781845950996
9781846041037
9781846073991
9781846140396
9781846140686
9781846141218
9781846142765
9781846169694
9781846551383
9781846552205
9781846680168
9781846680373
9781846701542
9781846941764
9781846970368
9781847081353
9781847240453
9781847245458
9781847422019
9781847562081
9781847670359
9781847670830
9781847670946
9781847671691
9781847673220
9781847673510
9781847674272
9781847940131
9781847960054
9781848091610
9781848092556
9781848092631
9781848501164
9781848870574
9781848872318
9781851121656
9781851493081
9781852424671
9781852853532
9781852860240
9781853260001
9781853260612
9781853260711
9781853260995
9781854377500
9781854585448
9781854904034
9781856197212
9781856691345
9780435910105
9781906523374
9780394721170
9780813190761
9781558615007
9781906523244
9781592211517
9780803211025
9780253211101
9780912469096
9780140100044
9781558615342
9780795701849
9780471380603
9780814781432
9781906523145
9780844212029
9781869140014
9781770091450
9781558614062
9780739105627
9780325070254
9781588264916
9781594606472
9781904456735
9780795701061
9780869809181
9781563976988
9781919931234
9780325002118
9780739105634
9780814781449
9780939691029
9780446579223
9780547241630
9781607886150
9780486285535
9780393930573
9781615521647
9780195092622
9780618982721
9780393929942
9781400500284
9780486296043
9780060595371
9780393979213
9781439181454
9780451528247
9780547241609
9780393326659
9780618155873
9780385000192
9780393927399
9780393979206
9780393977783
9780312463199
9780393061819
9780142437537
9781557837608
9780425234280
9781435114760
9781400030934
9780205655106
9780061626395
9781598530209
9780060540425
9780061728945
9781565841475
9780486457574
9781402221118
9780679745259
9780393930153
9780135145289
9780553262636
9780385044011
9780312421007
9780806645773
9780073384894
9780312452834
9780393927412
9781598530599
9780140237788
9780806627151
9780205763108
9780547201801
9780140170368
9780321484895
9780486272849
9780321012692
9780395765289
9780820334318
9780132216470
9780486271651
9780802150325
9780393930146
9781598530216
9781616836863
9781616823764
9780743299770
9780393336450
9780689808692
9780451529152
9780060882501
9780142001943
9780060927639
9780641974120
9780393927429
9780312474911
9781558850033
9780521540285
9780822220558
9780077239046
9780307268341
9781598530698
9780609808405
9781560255505
9781934633946
9780618197330
9780449905081
9781571312693
9781598530414
9781931082099
9780896086265
9781423606994
9780806639628
9780375761270
9780231080286
9781598530315
9780061174070
9780321113412
9780205779390
9780547201948
9780375415043
9780679767992
9780684823072
9780451529633
9780812975093
9781881847083
9780618197354
9780814775721
9780451527820
9781400077182
9781557837493
9780393316988
9780813538624
9780486294506
9780618751181
9781440151514
9780822220763
9780896086999
9781581825237
9781598530513
9780618379026
9780618427055
9781590170380
9780077239053
9780195144567
9781569472187
9780312412081
9780393318739
9781893996380
9780312115524
9780618983223
9780743299756
9781598530421
9780806628448
9780393040012
9781615580194
9780811844949
9780826217790
9780321116246
9781558490413
9780963290625
9781573833325
9780060924201
9780195162516
9780143105060
9780345395023
9781595580559
9780231109093
9780385423090
9780440378648
9781557837486
9780805211146
9780684868691
9780688171612
9781596911482
9780375758812
9780807131510
9780321011497
9780618256631
9780140390872
9780767918466
9780393930139
9780375755026
9781428262508
9780131937925
9780679736332
9780813545752
9780451528735
9780674027633
9780385491181
9780393318289
9780393927436
9780321088994
9781573241380
9781558853997
9780963290618
9780813533308
9780321010063
9780981519425
9780395926888
9780231112598
9780618902811
9781575257624
9780375703003
9780385422437
9781575255897
9781604330373
9780553375183
9780965834445
9780375414589
9780807028230
9780874177596
9780822220428
9780451527448
9781557836960
9780321093837
9781555837471
9780195122718
9780786869183
9780877970606
9780618532988
9780791419045
9781572331327
9781555839970
9781575252711
9780814727478
9780415924443
9780374525217
9781405188623
9781604732146
9781880000762
9780313308604
9780804111676
9780345383174
9780345382221
9781931082563
9780140390148
9780820321042
9780918949257
9780393310900
9781400033218
9781598530339
9781589801769
9780321116239
9780631204497
9780813531649
9780816513840
9780786436842
9780312596224
9780072564020
9780812979923
9780231081221
9781575256184
9780253206374
9781575255590
9780295969749
9780881508598
9780140273052
9781570758461
9780060874117
9781565847446
9780811807845
9780199554652
9780982338209
9781934633199
9780940450677
9780813529301
9780673469564
9780140435870
9781590304556
9780375413322
9781594482823
9781575255910
9781416537465
9780060923525
9780140296396
9781579127732
9780976629641
9781887366762
9780743299732
9780743257596
9780814757215
9780743243506
9780520222120
9781598530056
9781597140010
9781563680199
9781887178983
9781558853805
9780816527939
9780691133249
9781931082334
9780195093605
9780914783701
9780807123201
9780688175863
9780393316858
9781439181478
9780395986059
9780078454813
9780195122138
9780618131730
9780914783596
9780230620650
9780809329540
9780486410982
9781551117287
9780940450783
9781563681271
9780312191764
9780874519181
9780385003582
9780618902835
9780809015641
9780470237694
9780743476973
9781559362757
9781598530476
9780802132796
9781929642373
9780195125634
9780786713875
9781593761943
9780820332253
9781598530155
9781416906353
9781560373797
9780945353829
9781597140492
9780226322742
9780195395921
9789626342480
9780816524938
9780595362974
9780813538860
9780870498749
9781931082273
9780976876021
9781400076758
9780879054700
9781555536770
9781880399989
9781933859866
9780631206521
9780743299763
9780813529660
9780920661598
9780743203883
9780967023434
9780761131656
9781557837479
9780816645619
9780395980750
9780932379191
9780072400199
9780979485220
9781879960589
9780813527260
9781931010474
9780813520186
9780073221533
9780618570485
9780873514286
9780673469779
9780446676915
9780879103668
9780061175350
9780130266873
9780393046779
9781575252490
9780896726383
9780813531625
9781403979995
9780978625115
9780872863132
9780815320807
9781590212288
9780230606326
9780873384667
9781559363327
9780979485213
9780395875094
9780321198433
9780573695391
9780842028295
9780936839226
9781573441889
9781558853317
9781932663174
9780393316711
9780231054195
9780940450660
9780618533015
9780060749538
9780295988245
9780674030916
9781555533014
9781586480097
9780807136362
9780070113961
9780415234689
9780252064104
9780874807905
9781575252971
9781575254241
9780814776551
9780684802404
9780802136947
9781598530483
9780873515429
9781888160383
9781555838270
9780813122793
9781932183702
9781575254463
9780671047566
9781598875782
9780910043076
9781597140379
9781892514011
9780195020588
9780806513492
9780875652535
9780809327638
9780879058326
9781567920789
9780813007267
9781587298714
9780820327754
9781583220221
9780813190662
9781559362917
9781887366755
9780873514378
9781931082761
9780156135399
9781883011765
9780898867107
9780743257589
9780872865013
9780872865280
9780415936828
9780201846706
9781888160437
9780826328892
9780826348180
9780875653426
9781557837127
9781558853461
9780271027210
9780452011748
9780870498763
9780804011075
9780674006034
9780618249336
9780806133676
9780140230260
9780673990174
9781558491113
9780573697555
9781931082495
9780945575931
9781565849860
9781580051583
9780268041342
9780881461831
9780253214928
9780060953225
9781575253862
9781585360956
9780316347105
9781566890014
9781892514110
9781566891417
9780944350614
9781931082525
9780199273157
9780814321423
9780295977461
9780822955603
9780878054794
9780978848934
9780520216846
9780275935672
9780877457954
9781591791881
9781573240376
9781560253785
